[[[  8362.21035259    342.99641219   5377.7580593   10998.83826773]
  [   342.99641219   8097.28051258   1037.40913119  -8456.40593728]
  [  5377.7580593    1037.40913119   3541.50913483   6172.73352634]
  [ 10998.83826773  -8456.40593728   6172.73352634  24283.27622588]]

 [[  6016.5888852   -3794.36159851   4015.34204665  12033.17777041]
  [ -3794.36159851   4626.54955155  -6394.39313663  -7588.72319703]
  [  4015.34204665  -6394.39313663   9357.86156324   8030.6840933 ]
  [ 12033.17777041  -7588.72319703   8030.6840933   24066.35554081]]

 [[  2427.31430442   3483.81531448   2457.91960514   -870.95382862]
  [  3483.81531448   8699.07253082  -1332.22647214  -2174.7681327 ]
  [  2457.91960514  -1332.22647214   8874.61316476    333.05661803]
  [  -870.95382862  -2174.7681327     333.05661803    543.69203318]]

 [[  6179.47287954  -2968.80819774   2145.9002597  -11826.78942021]
  [ -2968.80819774   3233.94278017  -5248.7869595    7240.57150418]
  [  2145.9002597   -5248.7869595   10587.58434029  -7744.28254902]
  [-11826.78942021   7240.57150418  -7744.28254902  23979.3176176 ]]

 [[  5999.03425816  -3653.92458215   3023.06766245 -11998.06851632]
  [ -3653.92458215   3503.05342061   1543.80193695   7307.84916429]
  [  3023.06766245   1543.80193695  10498.91232123  -6046.1353249 ]
  [-11998.06851632   7307.84916429  -6046.1353249   23996.13703263]]

 [[   227.02220432    312.44772092  -1766.21257865     78.11193023]
  [   312.44772092   2712.23866748    319.77251076    678.05966687]
  [ -1766.21257865    319.77251076  17061.73912821     79.94312769]
  [    78.11193023    678.05966687     79.94312769    169.51491672]]]
+- 520.9489121042154 2.0, 5.0
|   +- 1390.051454909415 3.0, 4.0
|   |   +- 19172.19759037453 0.0, 2.0
|   |   |   +- None
|   |   |   +- None
|   |   +- 13736.764565331934 0.0, 1.0
|   |   |   +- None
|   |   |   +- None
|   +- 1331.553211369359 4.0, 5.0
|   |   +- 17756.186999202764 3.0, 5.0
|   |   |   +- None
|   |   |   +- None
|   |   +- 8235.019769803095 1.0, 2.0
|   |   |   +- None
|   |   |   +- None

setup in 0.0031936168670654297 sec
reduction in 0.00026607513427734375 sec
